16c7be07132d90169371895cc765fda
ori_RGB
[[254 212  49 141 181]
 [181 226  34  25 135]
 [213 244  49  83 243]]
res_RGB
[array([[254, 153,  49, 141, 181],
       [181, 102,  34,  25, 135],
       [213, 153,  49,  83, 243]]), array([[254, 212, 204, 141, 181],
       [181, 226, 102,  25, 135],
       [213, 244, 204,  83, 243]]), array([[254, 212,  49,  95, 181],
       [181, 226,  34, 119, 135],
       [213, 244,  49, 152, 243]]), array([[254, 212,  49, 141, 204],
       [181, 226,  34,  25, 102],
       [213, 244,  49,  83, 153]])]
ori_LAB
[[200. 150.  96.]
 [232. 133. 137.]
 [ 39. 137. 121.]
 [ 63. 172.  75.]
 [178. 174. 123.]]
res_LAB      :::0
[[200. 150.  96.]
 [128. 155. 108.]
 [ 39. 137. 121.]
 [ 63. 172.  75.]
 [178. 174. 123.]]
res_LAB      :::1
[[200. 150.  96.]
 [232. 133. 137.]
 [149. 180.  93.]
 [ 63. 172.  75.]
 [178. 174. 123.]]
res_LAB      :::2
[[200. 150.  96.]
 [232. 133. 137.]
 [ 39. 137. 121.]
 [134. 138. 147.]
 [178. 174. 123.]]
res_LAB      :::3
[[200. 150.  96.]
 [232. 133. 137.]
 [ 39. 137. 121.]
 [ 63. 172.  75.]
 [133. 164.  83.]]
